1374
1202
1021
1014
940
985
1083
1337
1636
1913
1996
2041
2044
2106
2511
2960
3468
3891
4095
4095
4095
4095
3821
3458
3059
2718
2376
2301
2248
2174
2057
1988
1946
1984
1873
1769
1753
1983
2252
1908
1273
868
982
1033
1338
1183
1143
1015
945
958
1091
1393
1674
1892
2016
2071
2092
2154
2410
2912
3434
3826
4095
4095
4095
4095
3854
3462
3114
2759
2446
2324
2260
2216
2105
2027
1951
1963
1902
1808
1747
1969
2189
2012
1322
864
979
975
1338
1212
1122
1016
955
948
1225
1344
1625
1839
2068
2098
2073
2098
2328
2915
3349
3787
4095
4095
4095
4095
3834
3528
3107
2833
2449
2329
2282
2173
2087
1984
1896
1995
1933
1732
1702
1924
2159
2088
1339
848
965
1054
1282
1248
1054
1020
965
935
1059
1272
1564
1836
1979
2030
2055
2131
2297
2822
3273
3777
4095
4095
4095
4095
3880
3544
3137
2816
2476
2260
2240
2197
2055
1963
1869
1918
1881
1733
1670
1957
2101
2158
1409
920
967
1108
1220
1306
1130
1017
947
925
1059
1314
1529
1765
1967
2042
2090
2094
2261
2775
3294
3788
4095
4095
4095
4095
3963
3590
3184
2863
2552
2241
2208
2209
2077
2014
1866
1893
1897
1743
1645
1881
2150
2234
1490
970
901
1059
1093
1325
1157
1046
970
956
998
1313
1499
1744
1966
2027
2082
2077
2210
2760
3232
3684
4095
4095
4095
4095
4095
3625
3205
2873
2536
2315
2215
2158
2112
1957
1916
1916
1939
1805
1626
1915
2153
2234
1503
1070
918
1075
998
1305
1219
1112
976
916
1028
1260
1525
1710
1957
2024
2088
2113
2106
2704
3178
3690
4095
4095
4095
4095
4095
3668
3262
2909
2594
2354
2265
2129
2112
2052
1920
1913
1922
1824
1704
1927
2076
2215
1535
1075
926
1041
1032
1283
1150
990
965
932
1003
1226
1496
1674
1984
2026
2068
2050
2084
2641
3120
3648
4095
4095
4095
4095
4021
3654
3279
2989
2626
2326
2263
2213
2190
1988
1943
1897
1991
1833
1689
1838
2041
2218
1594
1143
900
1073
1098
1309
1179
1102
1010
946
1010
1196
1470
1756
1964
2029
2072
2071
2158
2617
3082
3639
4037
4095
4095
4095
4095
3814
3371
2918
2676
2406
2328
2212
2125
2003
1969
1912
1984
1806
1640
1844
2032
2198
1669
1146
862
990
1026
1365
1163
1080
968
959
937
1184
1471
1675
1889
1978
2133
2092
2102
2557
3080
3598
3967
4095
4095
4095
4095
3737
3344
3010
2732
2353
2209
2214
2099
2058
1915
1892
1973
1816
1689
1810
2026
2216
1760
1196
878
1036
1058
1328
1228
1070
1015
950
1024
1159
1382
1612
1905
1998
2056
2035
2124
2579
3000
3553
3883
4095
4095
4095
4095
3790
3357
3056
2719
2411
2242
2167
2104
2013
1898
1857
2006
1821
1682
1773
2052
2238
1835
1230
852
1044
1080
1378
1177
1077
953
920
916
1132
1402
1620
1856
1977
2019
2074
2094
2479
2993
3459
3898
4095
4095
4095
4095
3862
3456
3040
2778
2379
2308
2208
2124
2028
1912
1916
1944
1860
1682
1808
2018
2206
1896
1310
889
1022
1051
1314
1273
1071
1036
985
906
1082
1340
1569
1847
2000
2068
2113
2096
2405
2943
3383
3823
4095
4095
4095
4095
3843
3478
3121
2812
2469
2304
2269
2127
2090
1990
1882
1986
1872
1732
1724
1974
2144
2025
1343
819
957
1039
1373
1254
1063
1066
965
941
1108
1338
1586
1855
1976
2055
2087
2107
2359
2859
3386
3843
4095
4095
4095
4095
3836
3508
3100
2826
2505
2324
2288
2159
2075
1982
1932
1988
1945
1742
1699
1961
2172
2095
1361
918
976
1036
1255
1189
1150
1058
942
943
1052
1280
1579
1764
2000
2014
2120
2127
2270
2863
3299
3840
4095
4095
4095
4095
3908
3533
3173
2869
2518
2265
2286
2176
2066
2060
1890
1953
1939
1774
1701
1959
2137
2150
1456
947
942
1070
1196
1278
1181
1003
924
935
1078
1326
1544
1812
1945
2085
2084
2114
2260
2778
3281
3746
4095
4095
4095
4095
3978
3582
3221
2898
2552
2298
2232
2233
2140
2005
1882
1937
1976
1772
1664
1942
2144
2256
1435
929
921
1063
1116
1261
1108
1024
973
879
1064
1223
1494
1731
1963
1951
2076
2141
2212
2761
3204
3696
4095
4095
4095
4095
3998
3632
3194
2915
2539
2347
2251
2198
2053
2059
1937
1945
1946
1775
1637
1918
2147
2223
1508
1034
944
1043
1032
1263
1175
1103
965
899
1063
1269
1541
1718
1962
2027
2061
2149
2167
2670
3218
3689
4095
4095
4095
4095
4072
3654
3258
2895
2630
2302
2230
2209
2125
2046
1926
1910
1969
1834
1709
1917
2088
2254
1540
1089
902
1058
1062
1286
1158
1038
976
863
990
1195
1434
1698
1933
2068
1947
2097
2083
2693
3185
3619
4095
4095
4095
4095
4029
3698
3293
2979
2606
2321
2256
2210
2140
2060
1907
1887
1971
1867
1685
1826
2100
2253
1595
1109
891
1066
1053
1302
1149
1059
1008
929
979
1207
1421
1743
1962
2001
2069
2088
2177
2606
3069
3639
4095
4095
4095
4095
4095
3733
3308
2936
2648
2361
2251
2263
2098
2074
1956
1971
2014
1825
1692
1840
1998
2214
1647
1188
850
1005
1052
1348
1202
1061
957
883
917
1187
1389
1677
1932
1990
2064
2100
2112
2506
3059
3663
3988
4095
4095
4095
4088
3772
3298
2984
2716
2363
2311
2207
2146
2036
1950
1928
1993
1844
1731
1805
2059
2197
1722
1175
849
978
1026
1334
1247
1081
1033
950
967
1185
1402
1644
1865
1998
2072
2063
2142
2555
3060
3507
3925
4095
4095
4095
4095
3732
3356
2988
2743
2381
2295
2233
2177
2081
1970
1885
1992
1845
1694
1780
1980
2228
1876
1189
859
1048
1047
1345
1159
1085
948
952
951
1131
1389
1619
1884
1972
2020
2021
2152
2496
2969
3464
3896
4095
4095
4095
4095
3851
3403
3071
2726
2381
2326
2296
2181
2082
1997
1979
2016
1885
1738
1736
1992
2192
1854
1260
820
1002
1098
1333
1243
1110
1038
980
995
1159
1403
1670
1901
2067
2022
2085
2136
2406
2959
3395
3874
4095
4095
4095
4095
3865
3489
3084
2730
2468
2314
2277
2187
2112
2036
1938
1981
1888
1762
1741
1973
2207
2042
1323
888
993
1060
1331
1180
1113
1023
883
891
1073
1319
1580
1829
1987
2101
2077
2083
2312
2875
3398
3860
4095
4095
4095
4095
3840
3527
3165
2832
2503
2314
2291
2217
2072
1981
1907
1927
1893
1731
1693
1961
2166
2106
1368
877
954
1051
1278
1235
1148
964
977
992
1109
1335
1579
1863
1977
2062
2048
2074
2339
2857
3319
3725
4095
4095
4095
4095
3882
3536
3145
2824
2522
2315
2263
2189
2065
1970
1876
1916
1881
1771
1652
1959
2171
2104
1391
952
935
1079
1180
1266
1149
1021
918
884
1058
1295
1515
1745
1907
2002
2067
2073
2271
2779
3313
3800
4095
4095
4095
4095
3936
3625
3133
2852
2585
2342
2223
2172
2115
2042
1958
1892
1928
1761
1664
1912
2144
2251
1434
936
978
1025
1059
1292
1108
1028
965
921
993
1263
1479
1722
1912
2007
2066
2088
2217
2725
3288
3741
4095
4095
4095
4095
4079
3643
3211
2866
2541
2298
2239
2169
2069
2007
1877
1917
1931
1709
1635
1932
2138
2235
1523
1027
914
1078
1024
1302
1132
1032
940
938
1070
1225
1495
1747
1950
2007
2074
2089
2161
2709
3218
3722
4095
4095
4095
4095
4095
3634
3222
2938
2553
2284
2208
2192
2099
2032
1930
1888
2026
1772
1700
1854
2114
2302
1535
1066
885
1045
1032
1303
1159
1021
948
922
1028
1233
1495
1738
2033
2018
2052
2081
2145
2623
3150
3610
4095
4095
4095
4095
4081
3628
3324
2936
2665
2416
2289
2262
2140
2035
1953
1967
2003
1865
1745
1878
2067
2218
1568
1130
853
1013
1030
1296
1159
1044
1005
910
1017
1214
1483
1711
1954
2003
2084
2151
2097
2560
3072
3631
4043
4095
4095
4095
4095
3679
3252
2943
2670
2377
2282
2241
2159
2050
1991
1942
2021
1896
1695
1828
2070
2211
1690
1156
877
993
1054
1300
1186
1050
969
874
1028
1172
1390
1656
1964
2034
2052
2025
2112
2541
3083
3533
3956
4095
4095
4095
4095
3731
3333
3005
2664
2344
2273
2252
2141
2083
1898
1914
2019
1873
1665
1797
2032
2226
1763
1212
834
1011
1077
1362
1189
1041
997
901
953
1079
1404
1656
1894
1961
1999
2056
2114
2594
3027
3488
3917
4095
4095
4095
4095
3790
3397
3006
2723
2370
2240
2244
2128
2063
1932
1891
2022
1805
1684
1820
2036
2221
1841
1249
853
1023
1110
1326
1171
1061
995
939
910
1056
1334
1592
1838
1960
2018
2051
2064
2445
3008
3483
3889
4095
4095
4095
4095
3853
3400
3030
2717
2425
2262
2224
2170
2046
1960
1872
1938
1863
1726
1711
2041
2194
1910
1299
884
1004
1049
1362
1302
1152
1038
957
949
1065
1352
1576
1803
2005
2021
2058
2069
2425
2971
3502
3826
4095
4095
4095
4095
3821
3450
3105
2845
2497
2274
2273
2140
2062
1959
1882
1980
1844
1780
1734
1976
2202
2010
1361
892
948
1042
1346
1242
1105
946
923
943
1122
1268
1528
1812
2012
2036
2071
2125
2388
2910
3432
3790
4095
4095
4095
4095
3868
3519
3163
2848
2461
2227
2251
2161
2010
1986
1944
1941
1945
1705
1700
1968
2188
2049
1369
892
978
1084
1314
1286
1148
1058
1009
910
1088
1321
1558
1877
1993
2000
2056
2106
2330
2785
3359
3806
4095
4095
4095
4095
3898
3548
3104
2840
2512
2300
2266
2210
2048
2020
1891
1985
1924
1755
1622
1975
2149
2142
1401
937
902
1037
1197
1260
1058
1027
902
938
1039
1294
1519
1831
1990
1996
2110
2144
2230
2821
3318
3754
4095
4095
4095
4095
3982
3550
3163
2887
2541
2318
2289
2221
2038
1949
1935
1939
1941
1753
1653
1945
2097
2208
1451
976
957
1015
1025
1268
1133
1050
1016
872
1048
1363
1494
1744
1945
2025
2099
2134
2163
2748
3284
3738
4095
4095
4095
4095
4020
3566
3192
2855
2589
2264
2176
2173
2081
1967
1912
1874
1889
1757
1655
1907
2055
2246
1517
1012
932
1063
1034
1316
1157
1018
948
844
1087
1201
1489
1709
1944
2009
2062
2038
2180
2796
3216
3656
4095
4095
4095
4095
4064
3648
3255
2928
2615
2302
2244
2155
2070
1986
1876
1840
1952
1752
1677
1869
2141
2252
1537
1029
894
1029
1112
1242
1216
1072
990
929
978
1179
1506
1718
1947
1982
2071
2129
2171
2657
3131
3687
4095
4095
4095
4095
4042
3644
3310
2912
2621
2330
2229
2184
2080
1977
1871
1906
1954
1778
1641
1878
2091
2247
1620
1153
884
1034
1035
1253
1181
1058
1030
923
988
1171
1446
1675
1913
2007
2110
2094
2101
2595
3141
3584
4095
4095
4095
4095
4095
3760
3320
2925
2612
2346
2250
2164
2111
2032
1930
1898
1953
1779
1672
1873
2038
2203
1651
1216
879
986
1008
1342
1203
1071
928
932
968
1197
1417
1662
1944
2030
2063
2096
2123
2617
3072
3603
3990
4095
4095
4095
4095
3712
3333
2973
2688
2344
2249
2127
2098
2019
1930
1782
1969
1782
1679
1777
2046
2205
1799
1209
865
999
1029
1360
1242
1059
987
978
998
1134
1355
1675
1888
2051
2070
2076
2094
2565
3005
3529
3921
4095
4095
4095
4095
3767
3387
3046
2683
2384
2207
2214
2132
1991
1891
1897
1994
1855
1647
1837
2072
2195
1819
1234
848
1004
1086
1299
1230
1108
969
915
983
1142
1397
1685
1901
1994
2061
2088
2148
2458
2960
3437
3838
4095
4095
4095
4095
3783
3445
3057
2762
2395
2258
2255
2119
2074
1930
1886
1997
1860
1654
1774
1993
2167
1894
1334
861
939
1058
1344
1285
1081
1003
945
921
1113
1352
1654
1890
1980
2041
2113
2136
2457
2862
3420
3868
4095
4095
4095
4095
3849
3479
3072
2779
2447
2248
2198
2149
2047
1945
1865
1915
1819
1714
1719
1976
2145
2008
1291
852
983
1050
1351
1252
1106
1003
910
903
1058
1338
1554
1819
1930
2065
2065
2101
2355
2913
3394
3791
4095
4095
4095
4095
3890
3502
3085
2841
2460
2264
2225
2116
2031
1924
1877
1948
1840
1720
1699
2002
2170
2097
1384
886
947
1073
1291
1291
1197
1036
911
926
1167
1298
1543
1824
1994
2076
2018
2067
2326
2821
3352
3836
4095
4095
4095
4095
3901
3460
3190
2826
2505
2268
2237
2179
2035
1979
1894
1892
1872
1743
1685
1918
2120
2205
1436
944
968
1053
1201
1275
1084
971
943
936
1027
1234
1488
1767
1957
2020
2083
2074
2216
2851
3330
3773
4095
4095
4095
4095
3954
3560
3158
2887
2519
2265
2220
2183
2040
1988
1872
1854
1929
1715
1616
1892
2177
2237
1432
957
954
1046
1025
1281
1173
1021
1005
899
1094
1276
1522
1780
1965
1989
2028
2124
2244
2740
3282
3784
4095
4095
4095
4095
4010
3605
3184
2878
2545
2281
2237
2216
2045
1997
1898
1952
1902
1703
1668
1902
2131
2244
1488
1055
954
1020
1078
1285
1163
1059
969
887
987
1219
1439
1701
1933
2000
2100
2133
2172
2698
3227
3697
4095
4095
4095
4095
4048
3664
3250
2941
2548
2329
2250
2162
2082
2015
1930
1873
2021
1764
1693
1932
2072
2245
1496
1055
898
1073
1022
1305
1179
1062
976
903
1019
1265
1460
1677
1983
2078
2065
2108
2144
2608
3218
3687
4095
4095
4095
4095
4061
3657
3277
2932
2644
2337
2237
2161
2124
2028
1884
1863
1921
1732
1625
1870
2020
2209
1563
1086
891
1058
1096
1334
1141
1074
943
889
976
1133
1429
1645
1909
1954
2013
2071
2108
2624
3122
3676
4078
4095
4095
4095
4060
3737
3352
2945
2672
2354
2219
2240
2093
1966
1920
1871
2014
1842
1655
1871
2087
2241
1697
1143
880
1022
1056
1384
1210
1063
986
977
1005
1180
1441
1630
1977
2072
2081
2114
2134
2614
3092
3573
3947
4095
4095
4095
4095
3722
3308
3018
2664
2354
2233
2211
2152
2017
1927
1878
1983
1804
1708
1796
2029
2209
1690
1174
884
1007
1059
1324
1226
1037
963
936
958
1160
1413
1634
1896
1989
2047
2138
2131
2507
3016
3570
3911
4095
4095
4095
4095
3788
3424
3009
2747
2382
2300
2270
2109
2059
1956
1887
2026
1839
1717
1822
2046
2166
1833
1210
845
954
1052
1393
1205
1109
993
942
946
1105
1323
1621
1881
1982
2009
2069
2157
2492
2964
3498
3862
4095
4095
4095
4095
3850
3414
3062
2714
2428
2288
2225
2121
2003
1979
1902
1958
1896
1681
1749
1991
2166
1824
1297
868
979
1066
1356
1228
1076
951
888
889
1077
1365
1554
1864
1970
2050
2075
2101
2454
2904
3447
3908
4095
4095
4095
4095
3852
3482
3110
2767
2496
2267
2234
2146
2054
1963
1900
1901
1879
1725
1776
1998
2128
1981
1299
868
991
1056
1310
1240
1133
993
957
904
1114
1347
1549
1806
2013
2070
2075
2127
2433
2857
3375
3816
4095
4095
4095
4095
3874
3510
3152
2845
2493
2316
2248
2103
2056
1952
1891
1973
1853
1738
1673
1944
2151
2075
1374
933
937
1075
1291
1314
1126
1009
973
947
1108
1295
1503
1813
1989
2033
2114
2079
2306
2876
3344
3811
4095
4095
4095
4095
3920
3546
3179
2845
2580
2329
2250
2161
2080
2045
1904
1921
1933
1718
1680
1908
2127
2189
1379
938
930
1029
1219
1278
1164
1032
976
996
1094
1324
1580
1835
2056
2086
2052
2141
2212
2811
3277
3790
4095
4095
4095
4095
4006
3593
3193
2844
2553
2343
2300
2235
2100
2024
1952
1969
1982
1769
1686
1899
2079
2192
1422
941
908
1024
1040
1230
1126
1078
971
924
1061
1275
1588
1824
2044
2022
2101
2112
2239
2726
3204
3693
4095
4095
4095
4095
4078
3610
3242
2905
2542
2304
2282
2192
2101
2008
1891
1959
1957
1754
1644
1893
2123
2214
1483
1005
912
949
1065
1289
1133
1018
976
886
1026
1145
1476
1732
1951
1975
2073
2101
2198
2714
3204
3694
4095
4095
4095
4095
4070
3702
3241
2908
2534
2347
2262
2153
2024
1980
1891
1911
1922
1678
1654
1914
2073
2231
1516
1078
940
1088
1066
1325
1161
1045
998
925
1008
1172
1452
1769
1948
2003
2052
2101
2196
2633
3200
3705
4095
4095
4095
4095
4058
3678
3285
2933
2603
2310
2283
2212
2097
1986
1909
1906
1987
1737
1663
1850
2091
2219
1593
1120
895
1036
1035
1278
1106
1091
964
926
963
1174
1461
1682
1923
2006
2017
2083
2096
2616
3120
3653
4095
4095
4095
4095
4095
3720
3323
2904
2697
2388
2278
2167
2071
1970
1912
1916
1958
1782
1659
1824
2041
2198
1648
1163
849
1008
1055
1369
1227
1063
1011
929
971
1179
1393
1657
1989
1962
2064
2055
2073
2593
3072
3649
3975
4095
4095
4095
4095
3758
3311
3000
2688
2392
2245
2186
2106
2029
1946
1871
1971
1783
1676
1833
2062
2176
1738
1237
815
1036
1042
1346
1229
1107
965
941
972
1156
1382
1655
1922
2002
2084
2028
2116
2547
3025
3525
3894
4095
4095
4095
4095
3780
3370
2995
2723
2450
2256
2193
2158
2086
1942
1904
1970
1872
1708
1766
1973
2188
1844
1238
822
942
1096
1348
1216
1083
1008
969
943
1105
1404
1592
1882
1984
2069
2069
2094
2499
2966
3518
3889
4095
4095
4095
4095
3811
3420
3058
2752
2431
2262
2241
2125
2045
1944
1911
1945
1855
1725
1779
1982
2176
1883
1297
841
1000
1034
1348
1223
1083
973
927
920
1065
1330
1563
1806
1971
2017
2081
2109
2430
2960
3469
3878
4095
4095
4095
4095
3829
3488
3067
2808
2425
2265
2205
2153
2038
1975
1842
1951
1877
1727
1749
1979
2151
2012
1327
857
974
1065
1325
1246
1101
1009
960
942
1126
1328
1561
1776
1938
2027
2039
2109
2435
2918
3381
3809
4095
4095
4095
4095
3806
3518
3125
2812
2431
2205
2202
2170
2064
1927
1808
1936
1902
1687
1682
1933
2161
2106
1359
864
966
1074
1331
1246
1121
1024
997
924
1069
1282
1580
1823
1927
2004
2073
2128
2329
2865
3369
3773
4095
4095
4095
4095
3924
3498
3162
2800
2451
2226
2224
2155
2048
1945
1848
1922
1904
1742
1676
1941
2137
2177
1306
875
948
1079
1245
1266
1078
1065
978
929
1082
1205
1540
1740
1999
2013
2083
2121
2269
2797
3366
3813
4095
4095
4095
4095
3930
3574
3150
2848
2485
2275
2227
2110
2003
1968
1914
1942
1895
1661
1590
1925
2156
2233
1439
968
927
1038
1140
1246
1117
1027
1022
860
1032
1259
1494
1801
1949
2021
2058
2107
2231
2752
3279
3744
4095
4095
4095
4095
4081
3624
3229
2820
2535
2304
2250
2158
2042
1963
1868
1954
1933
1768
1661
1948
2130
2237
1458
1006
941
1057
987
1308
1120
1028
977
888
1026
1245
1497
1787
1957
2012
2045
2088
2142
2732
3200
3694
4095
4095
4095
4095
4083
3703
3219
2922
2537
2311
2253
2159
2058
1978
1960
1936
1956
1726
1716
1912
2150
2206
1482
1089
925
1102
1006
1253
1177
1055
978
868
1001
1186
1425
1702
1868
1995
2032
2098
2148
2661
3161
3694
4095
4095
4095
4095
4034
3718
3290
2940
2582
2310
2291
2209
2091
1950
1916
1927
1910
1740
1641
1895
2086
2230
1577
1097
883
1033
1034
1280
1160
1062
974
915
973
1159
1434
1687
1894
1967
2036
2066
2132
2666
3095
3581
4095
4095
4095
4095
4095
3736
3315
2946
2664
2354
2245
2197
2087
2010
1929
1877
1955
1796
1642
1868
2076
2181
1674
1163
860
1047
1044
1374
1226
1048
1028
919
1002
1113
1440
1676
1950
1990
2048
2061
2099
2578
3076
3602
4024
4095
4095
4095
4095
3795
3290
3017
2651
2388
2207
2243
2075
1994
1918
1899
1978
1788
1710
1886
2078
2213
1745
1210
859
1059
1036
1321
1211
1078
975
939
984
1123
1411
1642
1903
2015
2016
2133
2090
2553
3008
3572
3954
4095
4095
4095
4095
3799
3378
2951
2691
2453
2271
2207
2087
2018
1946
1895
1926
1859
1724
1799
2010
2170
1823
1245
850
1029
1077
1328
1220
1113
1011
895
905
1134
1409
1608
1853
1962
2039
2076
2111
2506
3021
3479
3909
4095
4095
4095
4095
3857
3415
3058
2716
2502
2234
2231
2090
1994
1970
1901
1934
1847
1686
1794
1953
2190
1912
1261
853
1000
1054
1336
1194
1095
990
919
938
1099
1325
1562
1860
1972
2119
2095
2039
2496
2937
3476
3860
4095
4095
4095
4095
3806
3476
3034
2771
2442
2269
2230
2121
2026
1911
1872
1936
1841
1723
1781
1969
2148
2018
1344
884
963
1097
1366
1300
1096
989
963
955
1128
1333
1618
1818
1980
2052
2051
2130
2382
2894
3411
3845
4095
4095
4095
4095
3835
3515
3108
2786
2454
2233
2223
2168
2058
1952
1830
1951
1908
1668
1718
1943
2141
2090
1386
895
922
1020
1238
1262
1149
1017
937
881
1108
1271
1521
1828
1929
2093
2114
2041
2368
2901
3430
3844
4095
4095
4095
4095
3881
3525
3138
2797
2535
2227
2216
2141
2047
1974
1858
1913
1853
1722
1681
1962
2141
2178
1407
899
959
1104
1198
1288
1175
1002
999
921
1093
1276
1476
1808
1981
2080
2054
2091
2321
2828
3334
3784
4095
4095
4095
4095
3944
3552
3179
2850
2522
2320
2205
2165
2050
2014
1879
1899
1862
1777
1631
1917
2068
2183
1465
953
921
1013
1131
1277
1120
991
907
932
1069
1232
1513
1750
1931
2014
2068
2083
2214
2832
3306
3802
4095
4095
4095
4095
4014
3605
3187
2870
2544
2294
2239
2161
2116
1995
1901
1876
1920
1760
1664
1877
2086
2237
1491
1024
912
1079
1048
1259
1141
1040
996
918
1073
1267
1488
1729
2028
2060
2088
2096
2176
2735
3207
3719
4095
4095
4095
4095
4069
3617
3202
2886
2652
2293
2201
2181
2096
1977
1863
1876
1935
1755
1639
1852
2104
2221
1582
1010
938
1040
1068
1351
1149
1034
943
952
991
1209
1473
1738
1934
1987
2042
2037
2153
2672
3176
3691
4095
4095
4095
4095
4076
3696
3252
2962
2636
2312
2195
2162
2084
2002
1896
1837
1948
1788
1655
1867
2112
2261
1635
1130
903
1005
1053
1302
1146
1085
984
982
989
1184
1380
1715
1943
2021
2006
2135
2114
2636
3121
3650
4095
4095
4095
4095
4095
3678
3285
2935
2604
2347
2230
2176
2081
2010
1963
1882
1965
1808
1660
1835
2086
2199
1625
1144
874
1023
1055
1379
1175
1067
992
944
918
1122
1412
1687
1922
2051
2088
2079
2147
2613
3120
3568
4004
4095
4095
4095
4086
3780
3368
3007
2664
2312
2230
2206
2138
2044
1915
1866
2002
1776
1646
1844
2010
2233
1742
1213
897
1039
1038
1353
1208
1087
981
966
961
1173
1392
1628
1931
1974
2045
2114
2137
2560
3049
3533
3940
4095
4095
4095
4095
3756
3332
3052
2703
2381
2268
2170
2140
2030
1948
1856
2000
1818
1684
1740
2020
2156
1828
1295
849
1014
1031
1380
1215
1070
974
931
956
1122
1354
1641
1888
1992
2054
2062
2119
2497
2996
3550
3866
4095
4095
4095
4095
3792
3407
3063
2752
2421
2289
2252
2129
2066
1948
1856
1968
1872
1708
1741
2010
2152
1910
1274
841
986
1043
1379
1230
1104
988
929
959
1125
1369
1632
1928
2039
2114
2079
2149
2444
2962
3407
3825
4095
4095
4095
4095
3794
3484
3074
2819
2446
2287
2266
2237
2106
1955
1906
1969
1933
1744
1731
1932
2185
1992
1332
835
963
1047
1370
1249
1044
994
951
924
1092
1330
1624
1866
1953
2075
2028
2109
2443
2885
3379
3809
4095
4095
4095
4095
3864
3488
3129
2801
2479
2298
2223
2178
2076
1935
1855
1955
1932
1676
1675
2011
2155
2065
1298
887
970
1094
1248
1264
1118
988
950
928
1100
1316
1550
1831
1987
2008
2058
2102
2349
2854
3335
3824
4095
4095
4095
4095
3891
3546
3184
2813
2469
2308
2195
2145
2085
1963
1915
1933
1916
1722
1673
1939
2154
2188
1408
922
944
1075
1245
1243
1125
1008
986
882
1060
1239
1490
1776
1963
1955
2019
2108
2269
2859
3284
3793
4095
4095
4095
4095
3922
3600
3183
2823
2469
2282
2229
2193
2014
1969
1893
1860
1889
1746
1651
1909
2139
2253
1466
961
936
1091
1158
1292
1155
1026
1019
945
1001
1244
1535
1802
1956
2058
2036
2090
2210
2775
3223
3790
4095
4095
4095
4095
4038
3624
3198
2851
2554
2316
2214
2185
2071
1979
1901
1895
1962
1775
1643
1899
2096
2230
1491
986
883
1056
1052
1307
1176
1019
944
968
1016
1209
1488
1779
2000
2030
2034
2042
2186
2696
3216
3752
4095
4095
4095
4095
4017
3639
3257
2947
2560
2320
2190
2191
2117
1996
1838
1897
1950
1809
1666
1879
2131
2242
1551
1046
879
1102
1061
1295
1144
1050
995
969
1011
1174
1458
1722
2019
1968
2089
2085
2187
2728
3206
3699
4095
4095
4095
4095
4094
3681
3223
2950
2622
2338
2225
2128
2133
1973
1911
1884
1928
1792
1649
1900
2075
2236
1581
1131
926
1033
1092
1278
1178
1084
967
904
972
1196
1422
1726
1982
2018
2043
2065
2078
2646
3123
3670
4095
4095
4095
4095
4095
3686
3296
2981
2659
2321
2260
2113
2127
2033
1898
1901
1986
1824
1655
1793
2033
2220
1648
1156
859
1070
1047
1314
1157
1046
983
913
966
1160
1390
1666
1956
2010
2048
2057
2137
2631
3106
3607
3972
4095
4095
4095
4095
3754
3295
3024
2673
2329
2229
2214
2125
2009
1914
1854
1931
1830
1655
1828
2039
2197
1755
1186
884
1009
1053
1360
1149
1062
1004
937
954
1075
1295
1623
1907
1988
1963
2101
2090
2565
3069
3552
3935
4095
4095
4095
4095
3761
3371
3043
2743
2387
2217
2198
2112
2030
1946
1883
1914
1880
1758
1793
1996
2195
1792
1302
779
972
1078
1345
1207
1099
989
925
1000
1129
1339
1640
1851
1993
2016
2078
2113
2503
2995
3526
3868
4095
4095
4095
4095
3814
3368
3083
2707
2394
2267
2216
2128
2074
1961
1861
1949
1852
1707
1738
2001
2165
1888
1264
820
1012
990
1369
1199
1138
973
961
928
1086
1373
1532
1864
1992
2029
2061
2141
2466
2978
3452
3852
4095
4095
4095
4095
3823
3423
3091
2751
2397
2266
2189
2134
2030
1882
1900
1965
1899
1716
1689
1957
2174
1961
1341
836
986
1025
1392
1295
1109
976
979
956
1138
1344
1591
1859
1981
2105
2039
2062
2376
2932
3421
3812
4095
4095
4095
4095
3866
3453
3082
2795
2461
2285
2203
2062
2075
1962
1884
1928
1866
1752
1677
1950
2164
2067
1363
849
946
1067
1317
1248
1128
1023
959
863
1058
1329
1549
1788
1954
2013
2057
2052
2344
2875
3396
3798
4095
4095
4095
4095
3894
3528
3174
2817
2516
2277
2179
2122
2032
1993
1875
1949
1870
1744
1724
1966
2154
2104
1438
881
966
1063
1257
1278
1133
1012
920
896
1105
1243
1530
1741
1916
2039
2043
2085
2307
2811
3343
3823
4095
4095
4095
4095
3931
3550
3173
2784
2501
2244
2196
2116
2066
1959
1892
1885
1858
1737
1649
1932
2112
2183
1461
968
898
1046
1156
1267
1132
1055
959
866
1037
1280
1533
1759
1967
2058
2085
2095
2248
2768
3277
3796
4095
4095
4095
4095
4042
3621
3190
2886
2567
2329
2282
2146
2040
1998
1912
1906
1928
1764
1659
1940
2132
2217
1440
1011
935
1075
1017
1298
1143
1066
994
853
1032
1270
1499
1745
1941
2031
2056
2131
2193
2771
3220
3705
4095
4095
4095
4095
4046
3669
3237
2891
2558
2340
2242
2157
2083
1946
1914
1938
1906
1761
1616
1889
2125
2264
1475
1044
839
1084
1089
1308
1150
1099
997
910
964
1180
1452
1757
1917
1987
2083
2101
2200
2668
3215
3688
4095
4095
4095
4095
4058
3670
3300
2919
2603
2286
2161
2215
2075
1952
1879
1931
1939
1785
1658
1837
2154
2220
1577
1089
861
1080
1045
1274
1155
1052
982
957
942
1145
1405
1733
1921
1977
2077
2051
2112
2653
3099
3635
4095
4095
4095
4095
4095
3722
3301
2948
2609
2328
2276
2184
2091
1982
1868
1934
1934
1788
1625
1888
2055
2222
1606
1097
897
1067
1092
1350
1165
1068
1016
968
990
1114
1457
1646
1930
1998
1983
2087
2116
2630
3129
3593
4050
4095
4095
4095
4095
3765
3338
2978
2629
2362
2206
2204
2032
2007
1890
1864
1931
1770
1669
1840
2064
2193
1691
1132
849
1069
1080
1331
1155
1079
1000
950
959
1139
1363
1621
1921
1981
2010
2104
2086
2598
3072
3518
3961
4095
4095
4095
4095
3801
3363
3011
2712
2364
2258
2223
2128
2051
1906
1854
1987
1847
1716
1782
2034
2241
1768
1161
814
1001
1060
1338
1221
1063
959
935
1021
1145
1378
1629
1908
2060
2053
2093
2118
2497
3010
3462
3872
4095
4095
4095
4095
3844
3424
3081
2734
2412
2310
2302
2190
2113
1914
1904
2024
1905
1713
1728
1965
2189
1888
1244
793
970
1047
1376
1211
1037
1011
915
987
1143
1375
1629
1858
2085
2079
2119
2116
2494
2995
3447
3789
4095
4095
4095
4095
3816
3394
3082
2778
2481
2288
2250
2193
2080
2016
1889
1955
1885
1733
1717
1968
2192
1928
1290
851
936
1063
1305
1236
1128
1014
973
964
1093
1386
1603
1852
2013
2058
2112
2119
2417
2875
3412
3773
4095
4095
4095
4095
3798
3495
3075
2772
2488
2309
2176
2148
2025
2019
1887
1912
1928
1750
1747
1956
2162
2036
1360
917
997
1028
1318
1297
1181
1025
916
942
1103
1330
1562
1788
2001
2050
2094
2100
2347
2864
3331
3809
4095
4095
4095
4095
3849
3536
3169
2776
2488
2276
2264
2176
2075
1990
1921
1967
1919
1800
1734
1972
2185
2085
1425
933
1015
1060
1271
1249
1129
1030
935
913
1110
1316
1544
1762
1930
1995
2090
2102
2319
2809
3355
3788
4095
4095
4095
4095
3974
3578
3137
2831
2571
2276
2237
2192
2080
1933
1952
1946
1909
1742
1674
1961
2155
2186
1429
977
984
1106
1142
1256
1173
1047
933
905
1010
1287
1521
1745
2006
1990
2066
2103
2231
2750
3300
3734
4095
4095
4095
4095
4004
3581
3210
2871
2524
2335
2231
2204
2058
1940
1886
1946
1947
1762
1673
1925
2111
2255
1498
1012
958
1054
1004
1328
1186
1036
990
876
1074
1214
1469
1785
1945
2032
2092
2039
2140
2707
3225
3721
4095
4095
4095
4095
4026
3632
3240
2863
2620
2286
2255
2205
2106
1987
1920
1913
1979
1750
1688
1894
2100
2271
1544
1078
904
1055
1028
1322
1145
1040
991
929
1011
1228
1469
1765
1923
2049
2071
2058
2194
2692
3177
3695
4095
4095
4095
4095
4076
3711
3238
2965
2578
2320
2216
2225
2125
2035
1885
1875
1984
1839
1714
1910
2027
2278
1615
1087
859
1071
1045
1354
1153
1064
953
903
1029
1183
1455
1703
1975
2001
2039
2070
2119
2638
3143
3638
4095
4095
4095
4095
4090
3660
3302
2967
2642
2348
2253
2221
2107
2044
1886
1904
1967
1828
1688
1861
2091
2209
1641
1141
859
1027
1049
1279
1192
1051
968
941
1000
1183
1409
1683
1943
2066
2110
2099
2120
2629
3073
3648
4061
4095
4095
4095
4095
3732
3294
2945
2663
2398
2285
2268
2162
2033
1981
1902
1978
1848
1732
1816
2040
2241
1654
1208
832
974
1048
1372
1159
1127
988
954
965
1153
1452
1684
1894
2059
2064
2110
2072
2564
3008
3549
3965
4095
4095
4095
4095
3754
3405
3009
2701
2371
2297
2248
2144
2018
1991
1903
2011
1862
1741
1838
2038
2183
1780
1260
877
1051
1036
1322
1226
1081
1041
925
981
1135
1416
1674
1892
1962
2034
2100
2167
2494
3007
3492
3884
4095
4095
4095
4095
3772
3411
3077
2727
2405
2267
2262
2121
2080
1910
1931
2039
1898
1665
1790
2039
2189
1919
1272
824
983
1106
1363
1199
1059
972
930
947
1083
1369
1650
1849
1993
2058
2086
2128
2452
3002
3469
3848
4095
4095
4095
4095
3848
3462
3071
2761
2440
2285
2249
2151
2059
1989
1892
1986
1899
1710
1784
1965
2188
1978
1295
883
961
1069
1321
1220
1100
1006
960
978
1169
1342
1624
1868
1981
2036
2073
2094
2356
2942
3448
3808
4095
4095
4095
4095
3819
3493
3178
2779
2454
2313
2266
2219
2132
2000
1883
1937
1979
1811
1749
2012
2155
2009
1394
867
956
1079
1312
1285
1119
1020
947
976
1116
1358
1572
1778
2037
2056
2112
2083
2365
2884
3384
3786
4095
4095
4095
4095
3841
3509
3089
2834
2521
2301
2241
2129
2106
2009
1898
1948
1934
1807
1748
1946
2116
2089
1451
912
936
1087
1236
1247
1111
1014
956
900
1126
1287
1523
1788
1991
2007
2082
2123
2253
2789
3331
3817
4095
4095
4095
4095
3906
3546
3138
2824
2518
2336
2189
2197
2101
2012
1944
1943
1939
1769
1686
1931
2149
2128
1415
993
937
1062
1218
1219
1099
1086
981
874
1032
1276
1526
1734
1937
2038
2049
2099
2192
2728
3301
3723
4095
4095
4095
4095
3958
3581
3206
2890
2572
2352
2256
2254
2097
2000
1941
1983
1979
1765
1693
1980
2143
2221
1486
1008
903
1067
1017
1301
1072
1072
939
892
1115
1332
1544
1850
1988
2018
2061
2110
2140
2697
3183
3679
4095
4095
4095
4095
4045
3672
3184
2922
2576
2327
2338
2258
2112
2048
1926
1988
2027
1858
1696
1860
2133
2235
1496
1013
893
1116
1038
1286
1132
1041
972
908
1024
1246
1503
1773
1958
2076
2064
2084
2099
2718
3198
3685
4095
4095
4095
4095
4055
3642
3270
2932
2618
2360
2289
2230
2154
2065
1955
1887
2024
1858
1690
1856
2113
2230
1600
1142
942
1015
1028
1351
1168
1020
925
879
1070
1228
1478
1732
1986
2045
2061
2143
2084
2603
3120
3589
4095
4095
4095
4095
4095
3680
3281
2936
2641
2375
2312
2257
2226
2041
1970
1952
2028
1854
1711
1834
2092
2174
1619
1124
891
1004
1086
1349
1189
1044
929
914
1039
1248
1381
1722
2015
2058
2124
2106
2114
2595
3108
3570
4033
4095
4095
4095
4095
3754
3265
3005
2649
2395
2266
2230
2153
2086
1940
1901
2014
1864
1648
1840
2077
2237
1661
1185
864
1029
1026
1321
1150
1110
988
861
1009
1158
1454
1662
1942
2009
2056
2048
2133
2519
3050
3506
3899
4095
4095
4095
4095
3780
3387
3023
2684
2331
2337
2274
2145
2034
2015
1931
2005
1819
1688
1820
2065
2163
1769
1203
820
1017
1041
1368
1162
1050
1018
934
983
1151
1436
1690
1931
1993
2050
2149
2167
2514
3047
3470
3921
4095
4095
4095
4095
3784
3405
3008
2759
2402
2367
2301
2196
2136
2003
2009
2060
1894
1782
1746
1968
2183
1821
1257
833
960
996
1354
1194
1085
991
936
988
1148
1394
1673
1935
2085
2098
2077
2159
2460
2957
3451
3794
4095
4095
4095
4094
3775
3469
3080
2736
2447
2304
2295
2232
2118
1923
1952
2026
1921
1749
1703
1955
2176
1929
1315
839
929
1080
1361
1177
1059
987
943
947
1114
1331
1588
1875
1986
2080
2054
2112
2398
2957
3397
3832
4095
4095
4095
4095
3854
3510
3111
2777
2434
2266
2224
2161
2077
2015
1868
1908
1840
1764
1710
1956
2137
2023
1356
894
974
998
1368
1284
1110
1033
930
918
1114
1353
1574
1802
1969
2067
2084
2088
2351
2886
3396
3814
4095
4095
4095
4095
3866
3541
3106
2821
2479
2304
2234
2167
2053
2034
1910
1962
1870
1736
1655
1959
2172
2100
1385
920
947
1065
1222
1269
1129
1015
918
865
1103
1284
1557
1732
2007
2042
2091
2142
2274
2811
3327
3768
4095
4095
4095
4095
3928
3591
3107
2853
2523
2325
2211
2151
2057
1982
1875
1924
1873
1728
1637
1914
2123
2177
1394
969
935
1082
1192
1244
1157
1056
953
955
1057
1232
1524
1816
1965
2070
2059
2126
2229
2784
3264
3754
4095
4095
4095
4095
4034
3567
3186
2878
2533
2283
2218
2169
2040
1940
1877
1969
1913
1732
1587
1938
2094
2249
1466
978
877
1052
1056
1315
1126
1068
971
873
1063
1191
1436
1755
1970
2032
1998
2024
2186
2757
3269
3752
4095
4095
4095
4095
4035
3644
3174
2909
2553
2297
2202
2152
2098
2036
1875
1884
1943
1779
1690
1896
2077
2245
1548
1036
900
1076
1008
1334
1199
1098
965
935
1067
1228
1484
1737
1942
2015
2023
2094
2207
2695
3199
3674
4095
4095
4095
4095
4078
3632
3228
2888
2613
2393
2256
2173
2105
2026
1930
1867
1942
1782
1697
1876
2021
2266
1530
1076
865
1029
1044
1302
1099
1071
945
924
995
1226
1503
1736
1981
2023
2082
2104
2104
2661
3163
3724
4095
4095
4095
4095
4095
3711
3301
2942
2647
2346
2315
2168
2093
2060
1912
1900
1923
1807
1673
1832
2076
2290
1591
1159
856
976
1045
1287
1170
1008
1027
911
957
1167
1421
1731
1891
2020
2055
2106
2137
2620
3056
3579
4095
4095
4095
4095
4072
3778
3348
2944
2663
2330
2201
2196
2123
1955
1884
1885
1987
1804
1636
1835
2098
2203
1694
1218
854
1021
1053
1357
1143
1057
998
942
962
1163
1424
1642
1919
1994
2086
2089
2101
2574
3061
3593
3964
4095
4095
4095
4095
3726
3404
2995
2669
2404
2246
2205
2133
2042
1912
1856
1946
1817
1693
1819
1970
2187
1787
1184
826
1030
1089
1356
1210
1027
1001
911
977
1142
1366
1618
1908
1990
2052
2055
2104
2523
3026
3518
3909
4095
4095
4095
4095
3763
3417
3078
2706
2407
2259
2208
2140
2009
1977
1872
1919
1809
1674
1745
1981
2222
1863
1286
833
994
1079
1375
1184
1125
991
936
892
1125
1359
1601
1832
2013
2038
2113
2040
2485
3006
3505
3882
4095
4095
4095
4095
3851
3458
2999
2768
2427
2310
2206
2098
2038
1938
1887
1955
1861
1713
1759
2014
2181
1897
1284
788
1028
1069
1330
1220
1117
1044
947
938
1131
1342
1664
1854
2025
2034
2117
2163
2401
2915
3412
3848
4095
4095
4095
4095
3840
3440
3094
2761
2470
2244
2258
2183
2082
1956
1918
1983
1894
1742
1678
1970
2198
2018
1366
832
948
1055
1296
1230
1097
988
946
901
1111
1365
1574
1786
2047
2074
2058
2058
2296
2864
3394
3829
4095
4095
4095
4095
3872
3515
3153
2814
2521
2311
2221
2176
2092
1983
1887
1911
1869
1719
1641
1934
2117
2131
1342
882
976
1082
1227
1282
1117
1025
975
936
1093
1238
1577
1813
1996
2071
2079
2096
2250
2823
3350
3804
4095
4095
4095
4095
3949
3528
3147
2825
2495
2272
2207
2137
2068
1957
1925
1904
1917
1699
1628
1948
2151
2143
1468
910
946
1083
1219
1326
1179
1060
990
870
1069
1277
1531
1768
2021
2013
2100
2113
2229
2753
3326
3811
4095
4095
4095
4095
3992
3595
3180
2882
2529
2323
2190
2122
2076
2002
1916
1898
1922
1788
1669
1915
2112
2221
1435
979
984
1040
1018
1310
1157
1093
1017
857
1040
1267
1478
1754
1981
1992
2036
2144
2201
2744
3193
3700
4095
4095
4095
4095
4057
3562
3204
2902
2548
2281
2201
2190
2061
1926
1911
1916
1896
1719
1635
1865
2137
2210
1503
1021
944
1033
1064
1314
1158
1049
1036
946
1018
1198
1470
1780
1968
2032
2059
2098
2204
2700
3220
3710
4095
4095
4095
4095
4057
3621
3232
2923
2609
2281
2198
2224
2078
2018
1878
1841
1889
1740
1672
1891
2104
2176
1586
1082
889
1048
1045
1292
1136
1006
950
944
1001
1214
1481
1675
1991
2018
2054
2067
2106
2672
3141
3648
4095
4095
4095
4095
4081
3710
3320
2956
2630
2387
2235
2201
2095
1983
1889
1888
1945
1788
1735
1857
2022
2208
1639
1126
826
1072
1031
1335
1142
1086
983
947
986
1181
1476
1672
1948
2010
2075
2173
2137
2603
3066
3614
4038
4095
4095
4095
4081
3829
3338
2993
2657
2360
2240
2278
2111
1982
1963
1892
2055
1775
1627
1842
2063
2228
1723
1215
837
1008
1127
1345
1119
1056
954
933
929
1147
1413
1626
1920
1992
2041
2038
2163
2604
3059
3588
3967
4095
4095
4095
4095
3744
3335
2968
2729
2419
2282
2203
2142
2006
1910
1888
1967
1858
1713
1811
1970
2186
1822
1229
858
1031
1017
1367
1244
1101
993
959
998
1141
1350
1602
1845
1963
2050
2074
2126
2521
3030
3525
3934
4095
4095
4095
4095
3813
3384
3058
2760
2418
2243
2205
2081
1978
1926
1880
1935
1798
1657
1788
2032
2136
1876
1237
848
1010
1027
1302
1209
1111
958
956
897
1071
1346
1598
1856
1998
2034
2112
2130
2479
2926
3531
3892
4095
4095
4095
4095
3779
3441
3073
2694
2449
2268
2205
2084
2020
1955
1879
1977
1879
1703
1789
1991
2217
1907
1299
768
1022
1071
1350
1248
1148
1053
984
928
1093
1294
1617
1873
1990
2056
2099
2085
2485
2912
3394
3872
4095
4095
4095
4095
3825
3470
3152
2813
2459
2251
2209
2183
2071
1961
1906
1911
1885
1741
1775
1930
2142
2089
1346
848
960
1066
1309
1235
1115
983
924
936
1112
1334
1617
1881
2023
2071
2071
2128
2334
2935
3396
3821
4095
4095
4095
4095
3887
3535
3145
2797
2523
2291
2287
2166
2069
2017
1892
1952
1886
1715
1683
1915
2124
2095
1409
897
955
1036
1242
1260
1159
1073
951
913
1086
1350
1554
1823
2024
2053
2077
2096
2338
2788
3341
3772
4095
4095
4095
4095
3943
3566
3150
2788
2532
2290
2257
2190
2010
1951
1898
1947
1935
1761
1625
1933
2110
2156
1385
959
937
1062
1113
1221
1133
998
954
938
1023
1214
1508
1807
1933
2005
2069
2090
2221
2749
3266
3761
4095
4095
4095
4095
4036
3618
3213
2884
2584
2308
2229
2146
2106
1965
1887
1832
1890
1753
1605
1884
2089
2228
1477
1011
886
1038
1020
1336
1131
1062
990
940
1042
1239
1535
1767
1937
2010
2049
2091
2180
2743
3248
3731
4095
4095
4095
4095
4064
3614
3230
2840
2586
2334
2238
2151
2092
2000
1869
1857
1964
1773
1633
1877
2080
2213
1490
1012
892
1055
981
1202
1130
1079
938
852
1012
1129
1460
1691
1989
1995
2004
2113
2152
2720
3161
3666
4095
4095
4095
4095
4068
3677
3290
2924
2608
2313
2282
2253
2077
2021
1903
1912
1972
1787
1686
1868
1998
2211
1536
1082
822
1096
1062
1294
1170
1058
989
900
983
1166
1410
1731
1952
2044
1965
2136
2125
2643
3173
3641
4095
4095
4095
4095
4095
3672
3289
2951
2642
2324
2252
2193
2111
2001
1884
1834
1963
1795
1665
1814
2072
2197
1636
1188
870
1007
1043
1366
1163
1048
1002
900
1025
1158
1426
1704
1927
1997
2088
2081
2070
2582
3128
3602
4025
4095
4095
4095
4083
3769
3306
2980
2697
2438
2315
2264
2133
2080
2007
1927
2052
1891
1714
1824
2038
2156
1675
1180
827
977
1056
1292
1173
1056
1029
889
969
1191
1426
1725
1894
2066
2098
2102
2119
2571
3013
3482
3925
4095
4095
4095
4095
3800
3358
2998
2711
2403
2377
2248
2127
2120
2020
1944
2063
1924
1744
1754
2000
2141
1812
1215
772
1005
1018
1375
1131
1099
1007
907
1067
1206
1437
1619
1926
2082
2015
2076
2128
2466
2958
3484
3872
4095
4095
4095
4095
3748
3362
3055
2760
2405
2322
2240
2148
2121
1990
1874
1983
1899
1736
1751
1943
2136
1817
1278
874
970
1022
1324
1234
1109
1000
882
965
1154
1415
1555
1913
2007
2040
2165
2113
2429
2880
3448
3869
4095
4095
4095
4095
3825
3397
3100
2769
2430
2366
2261
2176
2102
1980
1906
1993
1899
1734
1708
1974
2155
1944
1296
817
977
1086
1317
1205
1130
1012
956
925
1103
1401
1641
1875
2044
2087
2067
2084
2428
2905
3412
3812
4095
4095
4095
4095
3822
3485
3126
2749
2426
2249
2275
2176
2046
1974
1911
1954
1928
1734
1649
1950
2176
2017
1431
904
975
1045
1330
1213
1112
965
921
907
1120
1337
1634
1800
1962
2056
2032
2087
2274
2850
3355
3798
4095
4095
4095
4095
3958
3537
3190
2844
2461
2358
2252
2220
2152
2006
1898
1952
1959
1759
1705
1940
2111
2116
1416
886
950
1020
1218
1285
1098
1091
967
914
1062
1355
1622
1837
1971
2094
2092
2229
2242
2770
3337
3791
4095
4095
4095
4095
3942
3562
3168
2814
2505
2320
2315
2199
2078
1968
1932
1967
1930
1807
1662
1924
2114
2198
1420
962
919
1023
1108
1224
1096
980
982
938
1089
1247
1541
1817
2014
2053
2059
2099
2224
2768
3263
3737
4095
4095
4095
4095
4032
3562
3210
2890
2577
2330
2280
2278
2128
2065
1932
1912
1949
1806
1682
1881
2102
2161
1489
1021
890
1041
1034
1305
1164
1025
1005
904
1069
1316
1527
1769
2036
2032
2163
2130
2096
2738
3223
3738
4095
4095
4095
4095
4053
3614
3184
2891
2504
2328
2273
2144
2134
2000
1955
1959
2011
1822
1739
1882
2122
2288
1586
1088
879
1066
1013
1275
1108
1023
983
883
1072
1232
1539
1768
1968
2015
2061
2091
2147
2658
3099
3636
4095
4095
4095
4095
4095
3676
3287
2926
2622
2372
2306
2213
2179
2013
1926
1909
2033
1821
1695
1832
2130
2256
1610
1077
881
986
1016
1317
1237
1068
970
963
1060
1203
1497
1686
1981
2059
2049
2056
2104
2616
3167
3650
4062
4095
4095
4095
4095
3734
3280
2982
2618
2356
2249
2225
2108
2052
1976
1932
1985
1798
1718
1875
2027
2192
1645
1112
912
1037
1046
1282
1152
1056
930
861
977
1183
1444
1668
1926
1999
2062
2077
2127
2564
2997
3539
4053
4095
4095
4095
4095
3806
3384
2950
2705
2410
2357
2236
2177
2049
1917
1940
2071
1885
1677
1821
2021
2191
1696
1170
832
992
1067
1361
1178
1068
1038
943
977
1204
1441
1692
1988
2018
2066
2100
2160
2565
3078
3533
3933
4095
4095
4095
4095
3804
3322
3057
2701
2374
2292
2273
2148
2076
1962
1904
1973
1855
1719
1775
1968
2210
1818
1286
858
1016
1057
1285
1201
1053
978
919
981
1142
1438
1692
1908
1968
2050
2146
2157
2492
2932
3487
3892
4095
4095
4095
4095
3857
3440
3026
2704
2438
2356
2287
2104
2111
1965
1913
1996
1896
1734
1756
2021
2209
1854
1251
816
988
1049
1321
1184
1108
1047
952
956
1124
1368
1669
1904
2001
2096
2088
2097
2453
2928
3429
3813
4095
4095
4095
4095
3789
3481
3140
2734
2434
2327
2297
2156
2057
1946
1879
1949
1890
1742
1733
1981
2162
1955
1327
842
942
995
1384
1285
1099
987
917
933
1172
1368
1614
1883
2014
2077
2139
2142
2392
2866
3431
3826
4095
4095
4095
4095
3868
3504
3122
2826
2480
2327
2253
2128
2048
1963
1912
1937
1897
1744
1714
2006
2135
2024
1341
886
968
1090
1271
1198
1131
977
907
929
1088
1313
1584
1833
1994
2067
2079
2065
2357
2864
3350
3798
4095
4095
4095
4095
3877
3555
3150
2816
2460
2326
2265
2207
2074
1997
1937
1947
1940
1770
1655
1933
2130
2118
1457
891
920
1054
1253
1247
1132
1009
914
928
1111
1289
1595
1789
2069
2103
2031
2166
2184
2818
3354
3738
4095
4095
4095
4095
3967
3551
3162
2883
2524
2300
2265
2172
2074
2012
1938
1982
1924
1828
1729
1957
2068
2173
1399
990
964
999
1073
1260
1088
1036
966
922
1058
1241
1624
1819
2027
2061
2077
2100
2177
2725
3258
3733
4095
4095
4095
4095
4010
3588
3189
2886
2585
2371
2312
2204
2113
2057
1905
1904
1961
1800
1692
1832
2137
2250
1477
973
883
1045
968
1289
1147
1066
970
1000
1113
1273
1566
1825
1997
2099
2114
2105
2161
2726
3207
3700
4095
4095
4095
4095
4055
3622
3197
2930
2656
2356
2249
2224
2121
2015
1963
1873
1955
1837
1732
1858
2102
2209
1549
1075
864
1012
997
1260
1196
1078
935
917
1013
1250
1510
1718
1963
2003
2042
2089
2083
2670
3137
3684
4095
4095
4095
4095
4084
3683
3282
2913
2580
2324
2328
2228
2119
2023
1969
1940
2054
1812
1665
1868
2108
2208
1613
1106
860
1021
1016
1308
1137
1066
990
938
1062
1210
1463
1752
2035
2019
2095
2102
2142
2640
3146
3587
4066
4095
4095
4095
4095
3698
3287
2925
2670
2349
2267
2212
2116
2035
1928
1897
1998
1822
1673
1857
2044
2159
1624
1204
832
1038
974
1353
1181
1046
936
885
982
1268
1386
1709
1926
1998
2086
2080
2078
2607
3052
3597
4028
4095
4095
4095
4095
3772
3355
2962
2688
2352
2335
2261
2122
2035
1950
1929
1963
1795
1704
1750
2045
2199
1699
1186
850
994
1006
1337
1205
1097
978
992
1001
1212
1443
1750
1987
2048
2080
2103
2192
2533
3012
3496
3905
4095
4095
4095
4095
3733
3390
3013
2686
2367
2215
2265
2171
2058
1954
1938
2003
1880
1733
1758
2027
2190
1771
1214
806
982
1056
1353
1264
1093
994
977
999
1186
1464
1685
1915
1979
2068
2117
2154
2445
2932
3503
3870
4095
4095
4095
4095
3799
3415
3097
2728
2443
2309
2309
2133
2087
1995
1916
2022
1878
1733
1760
1979
2232
1864
1235
842
954
1054
1381
1217
1129
1012
1017
1014
1178
1424
1701
1927
2018
2119
2091
2133
2404
2938
3419
3787
4095
4095
4095
4095
3787
3446
3110
2803
2460
2340
2258
2214
2065
1993
1904
1954
1896
1776
1758
1981
2127
2006
1321
840
974
1070
1305
1211
1062
993
923
931
1078
1366
1566
1845
1972
2055
2076
2115
2310
2871
3381
3837
4095
4095
4095
4095
3860
3536
3123
2755
2508
2320
2287
2237
2096
1972
1922
1960
1884
1731
1671
1975
2146
2056
1335
880
965
1054
1268
1256
1076
1013
924
943
1103
1326
1597
1808
2015
2120
2104
2105
2361
2854
3328
3804
4095
4095
4095
4095
3889
3539
3156
2838
2502
2304
2214
2155
2097
1976
1899
1928
1906
1774
1656
1952
2086
2133
1401
914
987
1043
1202
1262
1131
988
939
895
1106
1290
1533
1749
1962
2024
2105
2118
2215
2807
3353
3823
4095
4095
4095
4095
3960
3581
3172
2803
2603
2309
2284
2218
2070
2060
1959
1966
1921
1723
1658
1935
2157
2205
1484
943
946
1048
1221
1249
1133
1008
1026
930
1116
1301
1567
1821
2022
2058
2081
2138
2183
2803
3272
3705
4095
4095
4095
4095
4009
3552
3230
2886
2593
2318
2244
2188
2108
2031
1875
1935
1950
1845
1700
1871
2157
2262
1527
1041
920
1013
1013
1267
1090
1090
949
877
1062
1265
1556
1729
1959
2077
2136
2097
2140
2658
3182
3719
4095
4095
4095
4095
4017
3654
3215
2917
2590
2365
2329
2221
2152
2018
1965
1977
1956
1774
1704
1896
2101
2180
1581
1030
852
1042
1024
1335
1153
994
1051
945
1031
1214
1493
1767
2022
2034
2120
2135
2130
2639
3162
3663
4095
4095
4095
4095
4074
3616
3330
2936
2625
2371
2272
2184
2146
2051
1907
1870
1991
1875
1740
1844
2022
2202
1597
1090
895
1064
991
1296
1202
1056
952
893
1044
1195
1503
1709
1952
2037
2049
2116
2120
2618
3103
3642
4089
4095
4095
4095
4095
3718
3279
2976
2634
2338
2324
2282
2180
2051
1998
1925
2008
1832
1703
1810
2054
2226
1654
1139
837
1028
1044
1318
1185
1050
967
921
1041
1161
1450
1672
1988
2020
2150
2098
2162
2594
3061
3599
3971
4095
4095
4095
4095
3763
3361
2930
2688
2404
2269
2224
2142
2061
1971
1909
2045
1874
1801
1782
2016
2217
1716
1248
861
1000
1098
1335
1206
1116
1014
929
943
1197
1417
1636
1892
1998
2081
2127
2075
2528
3008
3537
3913
4095
4095
4095
4095
3770
3380
3056
2728
2416
2332
2287
2177
2088
1977
1913
2005
1865
1702
1741
2018
2179
1852
1224
805
1026
1056
1324
1129
1070
996
950
958
1116
1421
1656
1901
1999
2105
2082
2150
2472
2959
3457
3877
4095
4095
4095
4095
3794
3396
3044
2756
2416
2297
2209
2183
2070
1952
1914
1917
1895
1761
1816
1989
2139
1864
1316
814
1051
1107
1371
1250
1134
1044
914
971
1124
1376
1658
1867
2028
2059
2093
2117
2421
2946
3429
3828
4095
4095
4095
4095
3858
3465
3084
2738
2462
2332
2271
2205
2116
1940
1998
1981
1933
1795
1721
1934
2133
2008
1314
829
943
1068
1279
1240
1064
978
965
946
1142
1369
1637
1877
2031
2095
2037
2109
2358
2864
3416
3796
4095
4095
4095
4095
3873
3508
3162
2755
2500
2298
2247
2167
2106
2000
1909
1973
1856
1750
1656
1962
2102
2013
1354
903
959
1075
1291
1261
1086
1061
983
905
1106
1285
1598
1772
1992
2037
2036
2136
2350
2828
3353
3813
4095
4095
4095
4095
3913
3584
3186
2805
2491
2337
2274
2223
2105
2028
1909
1954
1936
1784
1652
1908
2145
2171
1374
889
945
1071
1200
1281
1111
964
959
896
1076
1280
1538
1837
1975
2073
2068
2096
2226
2807
3312
3789
4095
4095
4095
4095
4012
3542
3153
2816
2502
2364
2311
2199
2135
2040
1931
1918
1985
1808
1704
1917
2106
2183
1463
984
900
1028
1033
1251
1105
1040
976
944
1084
1312
1575
1824
1949
2040
2073
2100
2163
2672
3209
3695
4095
4095
4095
4095
4078
3624
3177
2902
2576
2366
2294
2225
2191
2018
1958
1965
2021
1805
1702
1900
1999
2245
1498
1015
870
1050
997
1255
1165
1020
956
909
1129
1291
1559
1791
1951
2065
2116
2135
2114
2651
3184
3645
4095
4095
4095
4095
4080
3656
3204
2962
2572
2406
2299
2238
2116
2004
1963
1931
1997
1804
1748
1853
2090
2237
1523
1070
866
1061
998
1307
1116
1077
966
946
1002
1268
1510
1749
2017
2040
2089
2066
2116
2694
3147
3621
4095
4095
4095
4095
4095
3699
3279
2968
2644
2389
2320
2280
2170
2073
1956
1921
2002
1847
1739
1842
2032
2196
1601
1104
879
1035
1022
1293
1189
1091
940
891
1025
1212
1499
1696
1957
2041
2098
2136
2145
2594
3090
3603
4057
4095
4095
4095
4095
3638
3313
2998
2626
2337
2332
2263
2094
2046
1933
1912
2006
1870
1740
1824
2048
2218
1630
1139
856
1004
1049
1345
1144
1049
997
928
1024
1184
1478
1670
1966
2049
2063
2098
2111
2537
3039
3576
3953
4095
4095
4095
4095
3740
3344
3011
2707
2372
2318
2261
2153
2053
1993
1935
2007
1818
1751
1821
2018
2174
1744
1128
815
1040
1050
1270
1194
1130
1032
930
969
1208
1452
1632
1930
2048
2049
2074
2133
2507
3028
3486
3887
4095
4095
4095
4080
3817
3405
3053
2662
2417
2301
2288
2166
2046
1965
1933
1980
1860
1685
1804
1956
2180
1814
1219
746
990
1024
1324
1170
1137
983
926
980
1159
1383
1671
1862
2013
2137
2066
2071
2396
2950
3494
3844
4095
4095
4095
4095
3882
3355
3049
2734
2434
2356
2292
2208
2044
2032
1964
2046
1930
1746
1764
1987
2189
1912
1271
811
939
1067
1332
1187
1111
1022
956
995
1118
1384
1652
1912
2060
2084
2112
2118
2413
2942
3425
3848
4095
4095
4095
4095
3806
3476
3084
2784
2448
2282
2204
2182
2061
2000
1895
2001
1935
1788
1730
2005
2176
2022
1306
890
1002
1033
1324
1223
1103
1038
937
958
1171
1438
1633
1890
1979
2049
2083
2137
2321
2840
3353
3817
4095
4095
4095
4095
3887
3501
3115
2802
2531
2325
2311
2226
2112
1973
1932
2017
1949
1754
1646
1953
2138
2091
1377
890
942
1075
1324
1255
1076
1032
977
912
1142
1356
1562
1846
2010
2057
2114
2108
2276
2858
3373
3788
4095
4095
4095
4095
3911
3505
3153
2813
2542
2339
2227
2203
2102
1994
1917
2018
1939
1779
1646
1957
2143
2153
1392
976
969
1075
1200
1258
1102
1018
962
850
1079
1308
1542
1821
1976
2041
2045
2114
2242
2773
3236
3804
4095
4095
4095
4095
3977
3559
3188
2860
2607
2320
2248
2176
2115
1997
1928
1948
1930
1750
1684
1909
2173
2245
1452
1017
970
1072
1472
1359
1132
1025
926
906
1032
1242
1511
1696
1954
2029
2069
2129
2166
2705
3209
3792
4095
4095
4095
4095
4026
3614
3217
2898
2535
2320
2232
2179
2051
2008
1896
1901
1950
1742
1655
1909
2094
2246
1491
1054
884
1072
1018
1286
1129
1025
1019
907
1061
1233
1442
1743
1996
2038
2036
2119
2165
2765
3188
3715
4095
4095
4095
4095
4095
3604
3234
2929
2619
2256
2216
2161
2078
1975
1903
1911
1902
1764
1661
1887
2081
2239
1548
1070
911
1034
1082
1254
1157
1092
978
927
917
1237
1447
1708
1970
1973
2054
2085
2135
2613
3176
3672
4095
4095
4095
4095
4095
3646
3266
2978
2619
2332
2229
2185
2093
1972
1887
1897
2010
1825
1708
1866
2065
2296
1611
1139
829
1064
1048
1311
1150
1015
922
913
1058
1216
1495
1795
1943
2053
2062
2094
2130
2592
3098
3612
4023
4095
4095
4095
4074
3732
3316
2944
2668
2324
2258
2249
2140
2013
1899
1933
2014
1810
1666
1766
2080
2229
1746
1168
833
1022
1047
1351
1159
1053
953
910
973
1128
1420
1644
1932
1971
2071
2117
2117
2594
3089
3514
3985
4095
4095
4095
4095
3785
3350
2983
2688
2367
2210
2164
2055
2014
1944
1836
1979
1829
1689
1844
2057
2221
1800
1205
873
1059
1018
1424
1165
1091
994
876
959
1112
1413
1661
1897
1976
2073
2076
2133
2498
3020
3530
3907
4095
4095
4095
4095
3792
3398
3021
2751
2406
2223
2258
2143
2036
1914
1909
1980
1873
1679
1784
2030
2169
1864
1249
841
992
1029
1370
1243
1011
1042
939
941
1098
1375
1600
1820
2014
2078
2104
2088
2454
3025
3444
3881
4095
4095
4095
4095
3822
3414
3042
2717
2358
2280
2217
2079
2030
1926
1883
1930
1805
1692
1770
2012
2176
1933
1292
834
1018
1094
1365
1216
1150
1056
977
938
1100
1379
1630
1872
1941
2067
2052
2060
2466
2906
3431
3811
4095
4095
4095
4095
3837
3481
3033
2799
2497
2285
2215
2173
2028
1983
1883
1886
1838
1747
1742
1945
2135
2025
1347
879
981
1104
1351
1266
1158
975
921
933
1041
1309
1643
1815
1961
2027
2114
2110
2325
2885
3358
3807
4095
4095
4095
4095
3882
3544
3169
2814
2469
2227
2238
2171
2057
1968
1831
1918
1890
1727
1675
1959
2176
2081
1397
950
1000
1093
1304
1260
1169
1044
969
968
1099
1296
1595
1808
1950
2038
2035
2124
2275
2852
3330
3794
4095
4095
4095
4095
3910
3541
3116
2847
2556
2304
2195
2167
2060
1985
1892
1922
1916
1727
1675
1937
2146
2192
1434
928
925
1079
1191
1269
1090
1038
956
935
1011
1282
1498
1801
1961
2070
2062
2154
2193
2807
3303
3765
4095
4095
4095
4095
3985
3577
3169
2892
2589
2333
2198
2180
2080
1999
1937
1871
1953
1781
1631
1887
2141
2211
1446
984
954
1036
1037
1292
1186
1082
977
958
1034
1252
1541
1770
1993
2031
2030
2115
2209
2700
3259
3708
4095
4095
4095
4095
4062
3623
3227
2851
2616
2339
2286
2178
2048
1977
1885
1876
1926
1779
1621
1931
2105
2222
1596
1028
926
1033
1007
1298
1107
1050
954
912
994
1220
1451
1700
1937
1992
2064
2115
2114
2658
3199
3736
4095
4095
4095
4095
4078
3688
3279
2910
2624
2327
2275
2188
2080
1984
1903
1905
1986
1769
1644
1886
2081
2223
1564
1088
815
1056
1089
1275
1146
1059
1034
912
1020
1216
1469
1722
2014
2005
2048
2160
2093
2670
3133
3559
4095
4095
4095
4095
4095
3695
3277
2903
2658
2359
2232
2158
2091
2068
1928
1911
1938
1777
1685
1871
2031
2208
1641
1126
896
1056
1081
1310
1157
1120
1018
915
962
1155
1440
1666
1999
2005
2020
2127
2146
2552
3092
3600
4039
4095
4095
4095
4095
3788
3369
3013
2672
2330
2254
2208
2126
2006
1928
1901
1981
1848
1726
1826
2019
2225
1731
1206
845
1043
1052
1369
1200
1052
960
916
979
1150
1379
1675
1913
1977
2038
2119
2133
2592
3010
3545
3952
4095
4095
4095
4074
3807
3389
3032
2651
2379
2284
2230
2079
1993
1965
1865
2002
1774
1634
1820
2044
2260
1756
1215
837
1014
1091
1370
1159
1082
975
964
901
1102
1385
1658
1865
2034
2057
2118
2100
2546
3044
3492
3914
4095
4095
4095
4095
3776
3450
3021
2750
2376
2278
2225
2144
2017
1970
1906
1974
1802
1643
1788
2002
2196
1880
1246
868
1041
1117
1341
1202
1117
1041
963
940
1092
1322
1625
1898
1992
2054
2097
2050
2542
2981
3463
3884
4095
4095
4095
4095
3849
3421
3102
2759
2446
2270
2257
2118
2076
2001
1870
1938
1821
1705
1772
1977
2198
1917
1346
926
983
1063
1340
1299
1163
996
951
898
1105
1371
1597
1836
1962
2054
2102
2078
2426
2899
3423
3882
4095
4095
4095
4095
3842
3444
3115
2744
2428
2281
2260
2113
2025
1955
1855
1941
1872
1693
1754
1955
2173
2146
1303
920
975
1033
1361
1249
1123
997
902
894
1092
1292
1572
1768
1955
2031
2075
2119
2326
2892
3394
3849
4095
4095
4095
4095
3877
3488
3144
2749
2534
2320
2244
2150
2036
1987
1930
1905
1837
1714
1703
1970
2181
2079
1393
886
981
1056
1243
1297
1173
1056
969
898
1057
1248
1551
1827
1977
2017
2023
2095
2332
2840
3322
3801
4095
4095
4095
4095
3947
3543
3206
2893
2534
2282
2215
2160
2035
2023
1940
1901
1860
1729
1634
1982
2133
2165
1449
947
964
1063
1126
1308
1115
1041
938
846
1070
1249
1521
1792
1940
1990
2074
2133
2279
2777
3315
3776
4095
4095
4095
4095
3978
3561
3201
2877
2521
2235
2224
2170
2067
1970
1854
1921
1919
1753
1637
1852
2126
2248
1486
1000
988
1086
1040
1371
1189
1056
964
924
1124
1262
1483
1701
1953
2043
2063
2103
2174
2771
3217
3750
4095
4095
4095
4095
4070
3624
3226
2893
2572
2297
2237
2154
2053
1980
1944
1961
1950
1715
1645
1861
2132
2256
1547
1044
890
1017
1004
1334
1175
1034
929
901
995
1185
1484
1720
1988
2026
2061
2099
2159
2744
3159
3688
4095
4095
4095
4095
4095
3666
3242
2928
2589
2323
2196
2182
2071
1998
1874
1893
1929
1761
1625
1902
2036
2250
1553
1108
946
1045
1012
1366
1176
1125
980
952
982
1210
1445
1772
1951
2033
2039
2122
2134
2627
3178
3644
4095
4095
4095
4095
4095
3649
3277
2939
2708
2328
2185
2185
2140
1981
1924
1882
1953
1801
1710
1868
2060
2188
1667
1138
872
1038
1052
1290
1155
1034
980
892
930
1132
1406
1687
1882
2018
2012
2070
2087
2556
3145
3580
4086
4095
4095
4095
4095
3753
3371
2983
2669
2353
2272
2233
2142
1995
1928
1869
1970
1800
1687
1835
2065
2225
1746
1204
862
1005
1056
1478
1222
1078
1028
942
1009
1204
1399
1651
1944
1983
2062
2072
2068
2561
3026
3565
3907
4095
4095
4095
4095
3778
3364
2966
2645
2387
2268
2221
2097
2013
1948
1894
1965
1794
1654
1840
2019
2266
1823
1292
851
1036
1087
1358
1196
1051
1032
916
949
1123
1370
1610
1864
1925
2043
2065
2087
2532
3048
3524
3882
4095
4095
4095
4095
3799
3371
2986
2732
2428
2240
2228
2152
2077
1998
1884
1944
1814
1676
1850
1990
2190
1831
1243
832
1025
1058
1370
1234
1129
1098
957
894
1114
1377
1609
1915
1995
2020
2091
2094
2544
2992
3464
3809
4095
4095
4095
4095
3810
3441
3132
2816
2443
2186
2234
2098
2029
1960
1876
1928
1841
1730
1767
1996
2147
1929
1347
855
964
1072
1284
1242
1106
1030
981
883
1038
1344
1548
1829
1920
2046
2074
2133
2396
2915
3418
3806
4095
4095
4095
4095
3819
3467
3097
2757
2462
2275
2254
2208
2053
1955
1812
1968
1918
1687
1703
2010
2178
2081
1373
895
949
1064
1309
1292
1152
1036
918
964
1100
1308
1532
1857
1993
2092
2088
2120
2368
2882
3416
3811
4095
4095
4095
4095
3882
3526
3106
2795
2480
2298
2210
2133
2011
1984
1903
1951
1921
1733
1681
1966
2191
2166
1405
895
964
1096
1256
1259
1131
996
977
964
1069
1306
1492
1778
1966
2047
2083
2064
2285
2790
3333
3773
4095
4095
4095
4095
3904
3565
3179
2858
2509
2324
2204
2148
2042
2033
1921
1929
1881
1699
1664
1953
2144
2208
1451
936
955
1076
1146
1232
1117
1060
958
907
1027
1263
1526
1730
1979
2022
2102
2070
2280
2815
3309
3751
4095
4095
4095
4095
3980
3529
3208
2818
2606
2296
2225
2162
2066
2072
1921
1914
1913
1770
1728
1906
2138
2248
1504
995
955
993
1035
1332
1170
1051
929
894
1064
1290
1533
1771
1992
2010
2039
2098
2140
2735
3181
3714
4095
4095
4095
4095
4045
3605
3229
2900
2598
2324
2296
2243
2178
2011
1910
1896
1947
1798
1646
1901
2104
2272
1549
1100
878
1039
1000
1303
1150
1024
968
912
1001
1208
1477
1703
1943
2041
2093
2095
2105
2710
3176
3659
4095
4095
4095
4095
4072
3687
3268
2879
2639
2314
2206
2181
2030
2006
1911
1866
1946
1729
1643
1873
2041
2276
1600
1113
901
1064
1026
1365
1193
1068
1036
913
1038
1229
1447
1687
1985
2048
2037
2112
2082
2667
3176
3675
4095
4095
4095
4095
4081
3682
3315
2943
2694
2359
2265
2179
2089
1990
1933
1906
1960
1781
1676
1854
2066
2256
1625
1101
895
1049
1060
1292
1134
1079
989
972
932
1140
1431
1698
1956
1976
2072
2079
2080
2592
3121
3589
4016
4095
4095
4095
4095
3768
3244
3028
2649
2328
2261
2221
2097
2002
1946
1831
1986
1787
1720
1833
2085
2219
1739
1182
880
1009
1061
1406
1215
1119
1021
980
974
1160
1353
1672
1923
2012
2051
2123
2138
2593
3032
3500
3894
4095
4095
4095
4095
3740
3357
3011
2711
2342
2201
2213
2070
2012
1913
1854
1956
1818
1699
1781
2043
2171
1803
1237
852
978
1101
1354
1184
1088
1012
928
958
1123
1402
1639
1876
1949
2000
2116
2107
2516
2993
3525
3884
4095
4095
4095
4095
3803
3429
3103
2701
2437
2262
2244
2154
2026
1918
1883
1992
1854
1711
1733
2014
2152
1951
1275
848
983
1062
1384
1291
1123
1027
957
955
1140
1357
1633
1846
1979
2082
2036
2123
2461
2992
3464
3895
4095
4095
4095
4095
3812
3524
3016
2752
2500
2236
2229
2096
2002
1991
1909
1902
1850
1722
1708
1964
2182
1989
1303
885
1001
1076
1351
1173
1071
986
920
869
1090
1301
1565
1834
1932
2058
2090
2077
2353
2946
3420
3836
4095
4095
4095
4095
3857
3483
3089
2798
2508
2258
2206
2162
2053
1944
1877
1958
1847
1702
1751
2013
2194
2053
1362
903
981
1092
1313
1324
1164
1038
976
887
1119
1302
1600
1819
2017
2053
2082
2100
2348
2880
3382
3787
4095
4095
4095
4095
3792
3527
3163
2830
2502
2272
2217
2134
2037
1948
1885
1932
1810
1731
1719
1949
2175
2091
1384
928
972
1079
1240
1274
1114
1044
975
888
1121
1285
1513
1811
1960
2044
2080
2092
2286
2839
3307
3748
4095
4095
4095
4095
3877
3582
3170
2916
2530
2240
2241
2202
2072
1945
1894
1911
1893
1771
1619
1946
2146
2184
1438
981
928
1037
1184
1295
1148
1072
1022
937
1024
1293
1579
1801
1964
2034
2074
2083
2199
2759
3278
3726
4095
4095
4095
4095
4061
3567
3203
2862
2533
2282
2236
2178
2096
1917
1951
1914
1915
1761
1661
1917
2122
2278
1550
1006
883
1094
1030
1308
1161
1070
940
942
1017
1252
1486
1767
1954
2043
2089
2126
2187
2686
3268
3724
4095
4095
4095
4095
4066
3716
3203
2864
2567
2280
2208
2210
2032
1969
1890
1917
1975
1780
1632
1922
2109
2229
1521
1120
884
1034
1060
1348
1179
1006
999
905
1028
1198
1478
1654
1968
2029
2037
2093
2165
2666
3158
3712
4095
4095
4095
4095
4095
3687
3231
2899
2639
2348
2245
2186
2103
2008
1937
1930
1970
1784
1684
1893
2143
2263
1594
1124
895
1046
1069
1338
1162
1049
1017
967
962
1137
1417
1700
1949
2006
2075
2097
2117
2648
3181
3684
4087
4095
4095
4095
4095
3734
3306
2946
2613
2431
2245
2191
2084
2034
1915
1895
1936
1795
1639
1868
2047
2253
1625
1187
875
1039
1086
1352
1188
1091
1003
957
928
1142
1402
1643
2001
1979
2066
2082
2062
2633
3129
3616
3965
4095
4095
4095
4079
3736
3404
2997
2709
2361
2227
2198
2077
2011
1958
1866
1972
1840
1707
1836
2079
2224
1750
1223
858
1056
1038
1338
1196
1056
967
906
928
1136
1410
1633
1893
1964
2038
2104
2138
2584
3015
3533
3964
4095
4095
4095
4095
3768
3368
2967
2717
2384
2243
2167
2117
2079
1918
1838
1918
1843
1725
1818
2014
2182
1818
1264
893
951
1060
1342
1252
1101
988
914
908
1073
1409
1612
1857
2003
2077
2072
2105
2587
3009
3508
3861
4095
4095
4095
4095
3793
3470
3066
2793
2376
2247
2203
2165
2060
1921
1880
2031
1859
1719
1726
1974
2209
1928
1254
893
1024
1088
1371
1269
1145
1026
935
864
1069
1321
1552
1852
1926
2086
2094
2080
2411
2938
3467
3883
4095
4095
4095
4095
3837
3493
3088
2711
2386
2268
2259
2109
1999
1898
1846
1967
1834
1698
1790
2009
2178
2007
1291
879
992
1066
1338
1330
1105
993
938
896
1062
1303
1565
1808
1965
2038
2047
2088
2381
2891
3393
3879
4095
4095
4095
4095
3861
3492
3066
2745
2493
2245
2237
2153
2020
1896
1845
1994
1881
1700
1726
1956
2193
2078
1292
918
991
1039
1297
1238
1185
1032
988
937
1094
1300
1557
1809
2024
2085
2104
2101
2316
2876
3384
3813
4095
4095
4095
4095
3911
3532
3136
2798
2540
2276
2216
2176
2010
1962
1928
1937
1875
1707
1625
1950
2140
2244
1416
915
896
1114
1206
1250
1065
1028
983
926
994
1264
1478
1784
1952
2001
2039
2098
2202
2835
3320
3776
4095
4095
4095
4095
3961
3565
3200
2862
2560
2299
2185
2145
2094
2002
1908
1944
1916
1719
1675
1920
2105
2257
1470
995
962
1024
997
1272
1105
1052
1024
921
1043
1249
1557
1798
1970
2049
2076
2111
2205
2756
3222
3736
4095
4095
4095
4095
4095
3579
3200
2858
2564
2329
2238
2184
2039
1991
1974
1897
1961
1721
1641
1908
2152
2248
1474
1074
878
1071
1039
1263
1156
1069
1002
912
976
1234
1506
1714
1944
2001
2038
2082
2189
2710
3213
3710
4095
4095
4095
4095
4061
3632
3219
2970
2575
2313
2236
2136
2074
2029
1902
1894
1912
1744
1690
1906
2097
2307
1570
1076
900
1064
1043
1340
1224
1148
959
929
989
1189
1486
1708
1937
2025
2087
2050
2114
2677
3153
3661
4095
4095
4095
4095
4095
3617
3270
2923
2573
2307
2202
2177
2104
2001
1856
1858
1985
1765
1637
1903
2050
2248
1617
1147
887
1030
1068
1307
1190
1040
963
968
948
1132
1407
1676
1899
1965
2085
2111
2103
2560
3024
3640
4092
4095
4095
4095
4095
3688
3355
2990
2636
2301
2223
2217
2140
2012
1917
1874
1955
1827
1632
1812
2072
2213
1684
1126
892
979
1043
1304
1218
1090
996
946
971
1198
1452
1684
1873
1983
2065
2067
2153
2619
3072
3596
4009
4095
4095
4095
4095
3728
3356
2978
2647
2314
2246
2227
2090
1980
1916
1884
1996
1824
1659
1824
2028
2263
1744
1222
858
998
1073
1349
1191
1092
970
963
948
1104
1391
1640
1872
1959
1989
2114
2087
2521
3023
3530
3952
4095
4095
4095
4095
3813
3408
3005
2718
2389
2298
2252
2146
2053
1953
1900
2012
1853
1727
1798
2075
2214
1780
1215
827
950
1100
1350
1213
1044
991
973
946
1121
1346
1575
1847
2011
2081
2043
2092
2516
2995
3527
3886
4095
4095
4095
4095
3801
3473
3063
2788
2434
2242
2199
2144
2013
1952
1896
1950
1833
1662
1800
2002
2215
1937
1287
827
1002
1070
1322
1226
1128
960
937
972
1052
1348
1579
1844
1956
2062
2050
2107
2418
2999
3474
3840
4095
4095
4095
4095
3894
3438
3104
2779
2457
2237
2191
2144
2033
1941
1865
1927
1869
1665
1740
1989
2147
1975
1313
825
1035
1083
1328
1235
1133
1082
956
904
1065
1285
1581
1865
1992
2009
2066
2132
2392
2884
3376
3829
4095
4095
4095
4095
3876
3500
3108
2825
2507
2246
2205
2152
2065
2000
1938
1937
1886
1774
1699
1983
2160
2082
1371
927
930
1080
1280
1276
1121
1034
972
910
1086
1356
1574
1829
2049
2074
2121
2118
2317
2856
3295
3809
4095
4095
4095
4095
3904
3533
3124
2852
2539
2313
2235
2125
2108
1953
1916
1896
1931
1774
1714
1943
2160
2156
1444
978
946
1060
1196
1249
1154
977
918
885
1052
1285
1528
1804
1961
2001
2071
2159
2213
2764
3259
3777
4095
4095
4095
4095
3971
3555
3170
2832
2521
2306
2201
2202
2068
